[
    {
        "x": 0,
        "y": 0,
        "radius": 6,
        "perimeter": 37.69911184307752,
        "area": 113.09733552923255
    },
    {
        "x": 0,
        "y": 8,
        "radius": 3,
        "perimeter": 18.84955592153876,
        "area": 28.274333882308138
    }
]